1197000 147.456 42.4695833 -73.1973333
1197500 721.92 42.23191667 -73.3546667
1304000 69.12 40.84944444 -73.2241667
1304500 191.232 40.9136111 -72.6866667
1305000 187.136 40.83027778 -72.9061111
1305500 20.6592 40.76694444 -72.9936111
1308000 58.112 40.70416667 -73.31388889
1308500 90.624 40.7086111 -73.3283333
1311500 9.6512 40.6636111 -73.7044444
1315000 337.92 43.75638889 -74.2672222
1315500 2027.52 43.7008333 -73.9833333
1318500 4259.84 43.31888889 -73.8441667
1321000 1256.96 43.35277778 -74.27027778
1325000 2700.8 43.31138889 -73.8672222
1327750 7193.6 43.26944444 -73.5958333
1331500 119.552 42.61119407 -73.1239918
1333000 109.056 42.7089695 -73.1967729
1334000 284.16 42.91285604 -73.2564981
1334500 1305.6 42.9386111 -73.3769444
1335754 11788.8 42.82916667 -73.6661111
1336000 389.12 43.26444444 -75.43638889
1346000 1433.6 43.06888889 -74.9883333
1347000 3435.52 43.0147222 -74.7794444
1350000 606.72 42.31944444 -74.4366667
1350120 27.904 42.4061111 -74.4472222
1350140 41.472 42.42888889 -74.4730556
1350355 1136.64 42.53694444 -74.4105556
1351500 2268.16 42.8 -74.26277778
1357500 8832 42.78527778 -73.7075
1362500 491.52 42.01416667 -74.2705556
1364500 1072.64 42.03777778 -73.9719444
1365000 98.048 41.86638889 -74.4872222
1367500 980.48 41.84305556 -74.0861111
1371500 1779.2 41.6861111 -74.16527778
1372500 463.36 41.65305556 -73.8725
1375000 967.68 41.22502778 -73.85888889
1376800 78.592 41.09555556 -73.96388889
1377000 148.48 40.99916667 -73.9891667
1387500 307.2 41.09805556 -74.16277778
1413500 417.28 42.1447222 -74.6536111
1414500 64.512 42.1061111 -74.7305556
1415000 84.992 42.12 -74.8186111
1417000 952.32 42.075 -74.97638889
1417500 1172.48 42.0245833 -75.11927778
1420500 616.96 41.94638889 -74.9797222
1421000 2007.04 41.97305556 -75.1741667
1423000 849.92 42.1661111 -75.14
1425000 1167.36 42.0747222 -75.3961111
1426500 1523.2 42.00305556 -75.3836111
1427510 4659.2 41.75666667 -75.0575
1428500 5171.2 41.50888889 -74.9858333
1435000 170.496 41.89 -74.59
1436000 237.056 41.82 -74.6355556
1437500 785.92 41.4411111 -74.6019444
1438500 8908.8 41.30916667 -74.79527778
1500000 263.68 42.3333333 -75.235
1503000 5713.92 42.03527778 -75.8030556
1509000 747.52 42.60277778 -76.1594444
1510000 376.32 42.5411111 -75.8997222
1512500 3796.48 42.21805556 -75.8483333
1521500 78.336 42.3958333 -77.71138889
1523500 148.224 42.3347222 -77.6830556
1524500 404.48 42.31388889 -77.6511111
1526500 3525.12 42.1211111 -77.1291667
1529500 1203.2 42.2525 -77.2166667
1529950 5135.36 42.14638889 -77.0575
3011020 4116.48 42.15638889 -78.7152778
3014500 496.64 42.1125 -79.20388889
4215000 246.784 42.89 -78.645
4215500 345.6 42.8297222 -78.775
4216000 675072 42.87777778 -78.91638889
4218518 208.896 42.97777778 -78.7636111
4221000 737.28 42.1222222 -77.9572222
4223000 2519.04 42.57027778 -78.0422222
4224775 227.584 42.53555556 -77.7041667
4227500 3645.44 42.76666667 -77.83888889
4228500 4282.88 42.91777778 -77.7572222
4229500 501.76 42.9572222 -77.58888889
4230380 100.096 42.74416667 -78.1375
4230500 512 43.01 -77.79138889
4231000 332.8 43.10055556 -77.8822222
4231600 6333.44 43.1417222 -77.6163056
4232050 77.056 43.13027778 -77.5186111
4232482 529.92 42.68027778 -76.95388889
4234000 322.56 42.4533333 -76.47277778
4235000 499.2 42.91805556 -77.23277778
4237496 8012.8 43.1623333 -76.3626944
4239000 226.56 42.9833333 -76.1508333
4240010 281.6 43.0575 -76.1625
4240120 76.544 43.0772222 -76.17027778
4240300 294.4 43.0808333 -76.22638889
4243500 289.28 43.0975 -75.6391667
4249000 13056 43.45166667 -76.50527778
4252500 778.24 43.51166667 -75.3066667
4256000 227.072 43.74680556 -75.3334444
4258000 744.96 43.8972222 -75.4041667
4260500 4771.84 43.98555556 -75.9247222
4262500 660.48 44.18555556 -75.3308333
4263000 2524.16 44.5994444 -75.37888889
4266500 1845.76 44.2347222 -74.5719444
4273500 1556.48 44.68166667 -73.4711111
4280000 478.72 43.6242324 -73.3115011
NA NA NA NA
NA NA NA NA
NA NA NA NA
NA NA NA NA
NA NA NA NA
NA NA NA NA
NA NA NA NA
NA NA NA NA
NA NA NA NA
NA NA NA NA
NA NA NA NA
NA NA NA NA
NA NA NA NA
NA NA NA NA
NA NA NA NA
NA NA NA NA
NA NA NA NA
NA NA NA NA
NA NA NA NA
NA NA NA NA
NA NA NA NA
NA NA NA NA
NA NA NA NA
NA NA NA NA
NA NA NA NA
NA NA NA NA
NA NA NA NA
NA NA NA NA
NA NA NA NA
NA NA NA NA
NA NA NA NA
NA NA NA NA
NA NA NA NA
NA NA NA NA
NA NA NA NA
NA NA NA NA
NA NA NA NA
NA NA NA NA
NA NA NA NA
NA NA NA NA
NA NA NA NA
NA NA NA NA
NA NA NA NA
NA NA NA NA
NA NA NA NA
NA NA NA NA
NA NA NA NA
NA NA NA NA
NA NA NA NA
NA NA NA NA
NA NA NA NA
NA NA NA NA
NA NA NA NA
NA NA NA NA
NA NA NA NA
NA NA NA NA
NA NA NA NA
NA NA NA NA
NA NA NA NA
NA NA NA NA
NA NA NA NA
NA NA NA NA
NA NA NA NA
NA NA NA NA
NA NA NA NA
NA NA NA NA
NA NA NA NA
NA NA NA NA
NA NA NA NA
NA NA NA NA
NA NA NA NA
NA NA NA NA
NA NA NA NA
NA NA NA NA
NA NA NA NA
NA NA NA NA
NA NA NA NA
NA NA NA NA
NA NA NA NA
NA NA NA NA
NA NA NA NA
NA NA NA NA
NA NA NA NA
NA NA NA NA
NA NA NA NA
NA NA NA NA
NA NA NA NA
NA NA NA NA
NA NA NA NA
NA NA NA NA
NA NA NA NA
NA NA NA NA
NA NA NA NA
NA NA NA NA
NA NA NA NA
NA NA NA NA
NA NA NA NA
NA NA NA NA
NA NA NA NA
NA NA NA NA
NA NA NA NA
NA NA NA NA
NA NA NA NA
NA NA NA NA
NA NA NA NA
NA NA NA NA
NA NA NA NA
NA NA NA NA
NA NA NA NA
NA NA NA NA
NA NA NA NA
NA NA NA NA
NA NA NA NA
NA NA NA NA
NA NA NA NA
NA NA NA NA
NA NA NA NA
NA NA NA NA
NA NA NA NA
NA NA NA NA
NA NA NA NA
NA NA NA NA
NA NA NA NA
NA NA NA NA
NA NA NA NA
NA NA NA NA
NA NA NA NA
NA NA NA NA
NA NA NA NA
NA NA NA NA
NA NA NA NA
NA NA NA NA
NA NA NA NA
NA NA NA NA
NA NA NA NA
NA NA NA NA
NA NA NA NA
NA NA NA NA
NA NA NA NA
NA NA NA NA
NA NA NA NA
NA NA NA NA
NA NA NA NA
NA NA NA NA
NA NA NA NA
NA NA NA NA
NA NA NA NA
NA NA NA NA
NA NA NA NA
NA NA NA NA
NA NA NA NA
NA NA NA NA
NA NA NA NA
NA NA NA NA
NA NA NA NA
NA NA NA NA
NA NA NA NA
